uid	sexo	edad	adhdstatus	ina	hyp	combined	trait_A1	trait_A2	trait_A3	trait_A4	trait_A5	trait_A6	trait_A7	trait_A8	trait_A9	trait_A10	trait_A11	trait_A12	trait_A13	trait_A14	trait_A15	trait_A16	trait_A17	trait_A18	trait_A19	trait_A20	trait_A21	trait_A22	trait_A23	trait_A24	trait_A25	trait_A26	trait_A27	trait_A28	trait_A29	trait_A30	trait_A31	trait_A32	trait_A33	trait_A34	trait_A35	trait_A36	trait_A37	trait_A38	trait_A39	trait_A40	trait_A41	trait_A42	trait_A43	trait_A44	trait_A45	trait_A46	trait_A47	trait_A48	trait_A49	trait_A50
1	M	35	1	0	0	1	1	5	4	4	4	5	5	5	5	5	5	5	4	5	5	4	4	5	4	4	4	4	5	5	5	4	5	4	4	5	5	5	5	4	4	5	5	4	4	4	4	5	5	5	4	4	5	5	5	4
2	F	39	0	0	0	0	5	5	5	5	4	5	4	5	4	4	4	4	4	4	5	4	4	5	4	5	4	5	5	4	5	5	4	5	5	5	4	5	4	5	4	4	4	4	4	5	4	4	4	4	5	5	4	4	4	5
3	F	7	0	0	0	0	1	5	4	4	5	5	5	5	4	3	3	5	5	5	5	5	4	5	5	4	4	5	4	4	4	4	4	5	3	3	5	4	1	3	5	4	5	1	5	4	4	4	4	4	5	1	5	4	4	5
8	M	38	1	1	0	0	5	5	5	5	5	5	4	5	4	5	5	4	5	5	5	5	5	5	5	5	5	4	4	5	4	4	4	4	4	4	4	4	4	5	4	5	1	5	5	5	5	5	5	4	5	4	5	4	4	4
9	F	42	1	1	0	0	4	5	5	5	5	4	5	4	5	4	5	4	5	5	4	4	4	4	5	4	4	5	4	5	4	5	4	4	4	5	5	4	4	4	4	4	4	4	4	4	5	4	4	4	5	5	4	5	4	4
10	M	12	0	0	0	0	4	3	5	5	4	4	5	4	4	4	4	5	5	5	4	5	5	5	5	4	5	4	5	3	4	2	4	5	5	5	5	4	4	4	5	4	4	5	4	4	4	4	4	4	4	4	5	2	4	5
11	F	9	1	1	0	0	5	4	4	5	5	5	5	5	4	4	4	4	4	5	5	5	4	5	4	4	4	4	4	5	4	4	4	4	4	4	5	4	4	5	5	5	5	4	5	4	5	5	4	5	5	4	5	4	4	5
12	M	35	1	0	0	1	4	5	4	5	5	5	4	5	5	4	5	4	4	5	4	5	5	4	5	5	4	5	5	4	4	4	5	4	5	4	5	4	4	4	5	5	4	4	5	5	4	5	5	4	4	5	4	4	4	5
13	F	28	1	0	0	0	4	5	4	5	4	4	4	4	4	4	5	5	5	5	5	4	5	4	4	4	5	4	5	4	4	4	5	4	5	5	5	4	4	4	5	5	4	5	3	5	5	5	4	4	5	5	5	4	5	3
14	M	6	0	0	0	0	4	4	5	4	4	4	5	5	3	4	5	5	5	3	4	5	4	4	5	4	4	5	4	5	5	5	4	5	2	4	4	4	5	4	5	5	5	4	5	5	5	4	4	5	5	5	4	5	5	4
15	M	35	1	0	0	1	4	4	5	4	5	5	5	4	4	5	4	5	5	4	5	5	4	4	5	4	4	4	4	4	5	5	4	5	4	5	5	5	5	4	4	4	5	4	4	5	5	5	4	4	5	5	5	4	5	4
16	F	33	0	0	0	0	5	5	5	4	4	5	4	4	4	4	5	4	5	5	4	4	4	4	4	5	5	5	5	5	5	4	4	4	4	5	4	5	5	4	4	5	5	4	5	5	4	5	4	5	5	5	4	4	5	5
17	M	7	1	0	0	1	4	5	5	2	5	4	4	5	5	5	4	4	5	5	4	4	5	5	4	4	4	4	5	4	5	5	4	5	5	5	5	5	5	4	4	5	4	4	4	5	4	5	4	5	5	5	4	5	3	4
18	M	47	1	0	1	0	5	2	5	4	4	5	4	4	5	5	5	5	5	4	5	4	5	4	4	5	5	4	4	5	4	5	5	5	4	5	4	4	4	5	4	4	4	5	5	5	4	4	4	5	5	5	4	4	5	4
19	F	38	1	0	0	1	4	4	5	5	4	4	4	4	5	4	4	4	4	4	5	5	5	4	5	5	5	5	5	5	5	5	5	5	4	4	5	5	5	4	4	4	4	5	5	4	5	4	4	5	4	5	4	4	5	5
20	F	9	0	0	0	0	5	5	5	5	5	5	3	5	5	3	5	4	3	2	3	4	4	5	4	4	5	4	3	4	3	5	4	5	4	5	5	5	4	5	5	4	5	4	5	4	4	5	4	5	5	5	5	4	4	5
21	M	6	0	0	0	0	2	5	3	5	5	5	5	4	4	5	4	4	5	5	5	4	5	4	4	5	4	4	5	5	4	4	4	4	5	4	4	5	3	5	4	5	4	4	5	4	4	4	5	4	4	5	5	5	5	4
22	M	43	1	1	0	0	5	5	5	5	4	4	5	5	4	4	4	4	5	4	4	5	5	5	5	5	5	4	5	4	5	5	4	4	4	5	5	5	5	4	4	4	4	5	5	4	4	4	4	5	4	5	5	5	5	5
23	F	39	0	0	0	1	5	4	4	4	4	5	5	4	5	4	5	5	5	5	5	5	5	4	5	5	5	4	4	4	5	5	4	4	4	4	4	4	4	5	4	4	4	4	5	4	4	4	5	4	4	5	5	5	4	4
24	M	11	1	1	0	0	5	4	5	5	4	4	4	5	4	5	4	5	5	4	4	5	4	5	5	4	4	2	4	5	5	5	4	4	4	4	4	5	5	5	4	5	4	5	5	4	4	4	4	5	4	5	5	5	5	5
25	F	9	0	0	0	0	4	4	4	5	1	5	4	5	1	5	5	5	4	5	3	5	4	5	5	4	4	4	4	4	4	4	5	3	3	3	3	5	3	5	1	5	5	5	3	5	4	4	5	5	5	3	5	4	4	4
26	M	7	0	0	0	0	2	5	5	4	5	4	4	4	5	4	4	2	4	5	1	5	4	2	5	4	5	5	5	4	4	5	4	4	2	4	5	5	5	5	4	4	5	5	4	5	4	4	5	5	5	5	5	5	5	4
27	M	46	0	0	0	0	4	4	4	5	5	4	4	5	4	5	4	5	4	5	4	4	4	5	4	4	5	4	5	4	5	5	5	4	5	4	4	5	4	4	4	4	4	5	5	5	4	4	5	5	5	4	4	5	5	4
28	F	44	0	0	0	0	5	4	4	5	4	4	5	5	4	5	4	5	4	4	4	5	5	3	5	4	5	4	5	4	4	5	5	5	5	5	4	5	4	5	4	5	5	4	4	5	4	4	4	4	4	4	4	4	5	5
29	F	17	1	0	0	1	5	4	4	4	4	4	5	4	4	4	5	5	4	4	5	5	5	5	5	5	5	4	5	5	5	4	4	4	5	5	5	5	3	4	4	4	5	4	5	4	4	4	4	5	4	5	5	4	4	5
30	M	15	1	1	0	0	5	4	4	4	5	5	4	4	5	4	5	4	4	4	4	5	2	3	4	4	4	4	4	5	4	5	4	5	2	5	5	4	5	3	4	5	5	5	5	4	5	5	4	4	4	4	4	4	4	4
31	F	12	1	0	0	0	4	5	4	4	4	4	5	4	5	4	5	4	5	4	4	5	5	5	5	3	5	4	4	4	5	4	4	5	5	5	5	2	4	5	4	5	4	5	5	5	4	4	5	5	4	5	5	4	4	4
32	M	40	1	0	0	1	4	4	5	4	5	5	5	4	4	5	4	5	5	4	5	4	5	5	4	4	4	4	5	4	5	5	5	5	5	5	4	5	4	4	4	4	4	5	5	4	5	5	4	5	5	4	4	4	4	5
33	F	40	0	0	0	0	4	4	4	4	4	5	5	5	4	4	4	4	5	5	5	4	4	5	5	4	5	4	4	5	5	5	4	4	4	5	4	5	5	4	5	5	5	4	4	4	4	5	5	4	5	4	5	4	5	5
34	M	7	0	0	1	0	4	4	4	4	4	5	5	4	4	4	5	4	5	5	5	5	4	5	5	4	5	5	4	4	5	5	5	4	4	2	3	3	5	5	2	4	4	4	5	3	5	5	5	3	4	5	5	4	5	4
35	M	39	1	0	0	0	5	5	5	5	5	4	5	5	5	4	5	4	5	4	4	4	4	5	5	4	4	4	4	5	4	4	5	4	4	5	4	5	4	5	5	5	5	5	5	4	4	4	5	5	4	5	4	5	4	5
36	F	38	0	0	0	0	4	4	4	4	4	4	4	4	4	4	4	5	4	5	4	5	4	5	5	4	5	4	5	4	5	5	4	5	4	4	4	5	5	4	5	4	5	4	4	4	4	4	5	5	5	4	5	4	5	5
37	M	7	0	0	0	0	5	4	4	5	5	5	5	5	3	5	5	2	5	5	5	4	4	4	5	5	4	5	4	5	5	4	5	5	4	4	4	4	5	4	4	5	4	4	4	4	4	4	4	4	4	5	5	5	4	3
38	F	6	0	0	0	0	4	4	4	4	4	4	5	5	4	5	2	3	2	5	4	4	4	5	5	4	4	4	5	4	5	5	5	4	5	5	4	5	4	4	4	5	2	4	5	4	4	4	4	4	5	1	4	5	4	5
43	M	34	0	0	0	0	5	5	5	5	5	4	5	5	5	4	4	5	5	4	4	4	5	5	5	4	4	5	5	4	5	5	4	4	5	4	4	5	4	5	5	5	5	4	4	4	5	4	5	5	5	4	5	5	4	4
44	F	33	0	0	0	0	4	4	5	3	4	4	5	4	5	5	4	5	4	5	5	5	5	4	4	5	4	4	5	4	5	5	4	4	5	5	4	5	5	4	5	5	4	4	5	4	4	4	5	4	4	5	4	5	4	4
45	M	8	1	0	0	1	4	5	4	4	4	4	5	5	5	5	2	4	5	5	1	4	4	4	4	5	1	5	5	4	4	3	5	4	4	5	5	2	4	5	5	4	2	5	5	4	5	5	3	3	4	3	4	4	4	5
46	M	53	1	0	1	0	4	4	4	5	4	5	4	5	5	4	4	5	4	5	5	5	5	4	5	4	5	4	4	5	5	5	5	5	4	5	4	4	4	4	5	5	5	5	5	5	5	5	5	5	5	4	5	5	5	4
47	F	37	1	0	1	0	5	4	4	5	4	4	5	4	4	4	5	5	5	5	5	4	5	5	4	4	4	4	4	5	4	5	4	4	4	4	4	5	4	5	5	5	4	4	5	5	4	4	5	5	5	4	4	4	5	5
48	M	8	0	0	0	0	4	4	5	4	4	4	5	4	4	4	5	4	5	4	5	4	4	4	4	4	5	4	4	4	5	4	5	1	4	4	4	5	5	4	4	4	5	4	5	4	4	5	4	5	4	4	4	5	5	4
49	M	37	1	0	0	1	4	5	4	5	4	5	4	4	5	5	5	5	4	4	4	5	4	5	5	5	5	4	5	4	4	4	5	5	4	5	4	4	5	5	4	4	5	4	4	5	5	4	5	5	4	5	4	4	4	5
50	F	36	1	0	0	1	5	5	5	4	5	4	4	5	5	4	4	5	5	4	5	4	4	5	5	4	5	5	5	5	5	4	4	4	4	4	4	4	4	4	4	5	4	5	4	4	5	4	5	4	4	5	4	5	5	4
51	M	10	1	0	0	1	4	4	4	3	5	2	5	4	5	4	4	4	4	5	4	4	5	4	5	4	5	2	5	3	5	2	5	1	5	3	3	5	4	4	4	5	2	4	5	5	4	5	5	3	1	4	4	4	4	5
52	M	42	1	0	0	1	4	4	5	5	5	4	4	5	4	4	5	4	4	4	5	4	5	5	4	4	4	5	4	4	4	5	5	4	4	4	4	4	4	5	4	4	5	4	5	5	5	4	5	5	5	5	5	4	4	5
53	F	34	1	1	0	0	5	5	4	4	5	5	4	5	4	4	4	4	4	4	4	5	5	4	5	4	5	1	3	5	3	5	2	4	5	2	4	4	5	4	5	5	4	4	4	4	5	4	4	5	3	3	4	5	5	4
54	M	8	0	0	0	0	5	4	5	4	4	4	5	5	4	5	2	5	4	1	4	4	4	4	5	5	5	4	4	5	4	5	4	5	4	5	4	5	5	4	5	4	4	4	4	5	4	4	4	4	4	5	4	5	5	5
55	M	31	1	0	0	1	5	5	4	4	5	5	2	5	4	5	4	4	4	5	5	5	5	4	5	4	4	5	5	4	5	5	4	4	4	4	5	5	5	4	4	5	4	5	5	5	4	4	4	5	4	4	4	5	4	4
56	F	29	1	0	0	0	4	5	5	5	5	5	5	5	5	4	4	5	5	4	5	4	4	4	4	5	4	5	4	4	4	5	5	5	5	4	5	4	4	4	4	5	5	5	5	5	5	5	5	5	5	4	5	4	4	4
57	M	7	1	0	0	1	3	5	3	5	4	5	5	4	5	5	5	5	3	4	2	4	4	4	4	4	4	5	5	5	5	4	4	5	1	5	3	5	5	5	5	5	5	2	5	2	5	4	2	5	5	4	4	4	5	4
58	M	38	0	0	0	0	4	4	5	5	4	4	5	4	5	5	4	5	4	4	4	5	4	4	5	5	5	4	5	5	4	4	5	4	4	4	4	4	4	4	5	4	5	5	4	4	5	4	4	5	5	5	4	4	4	5
59	F	36	1	0	0	1	4	4	4	5	5	4	5	4	5	5	4	4	4	5	5	5	4	4	4	4	5	4	5	5	4	5	4	4	5	5	5	4	4	4	4	4	4	5	5	5	5	5	5	4	4	5	4	5	4	5
60	M	12	1	0	0	1	4	5	5	4	5	5	5	5	4	5	5	5	5	5	5	5	5	2	5	5	4	4	5	4	5	5	4	4	4	4	5	5	5	5	4	5	5	5	4	5	4	4	5	5	4	4	5	4	4	4
61	F	8	0	0	0	0	5	5	5	5	5	5	4	4	4	4	5	3	4	4	5	5	4	4	5	5	5	3	4	4	5	5	5	1	4	4	5	4	5	4	5	4	4	5	5	4	1	4	5	5	4	4	4	5	5	4
62	M	43	1	1	0	0	5	5	5	4	4	5	5	4	4	4	5	4	5	5	5	4	4	4	5	5	5	5	4	4	5	5	5	3	4	4	5	4	5	4	5	4	5	4	5	5	5	5	5	5	5	4	4	5	5	5
63	F	43	1	0	1	0	4	4	5	5	5	5	5	4	5	5	4	5	4	4	4	4	5	5	4	5	5	4	5	4	5	5	5	4	5	5	5	4	4	4	5	5	4	4	5	4	4	5	4	5	4	5	1	5	4	5
64	F	7	1	0	1	0	5	4	4	5	5	5	4	5	5	4	4	4	4	4	5	5	2	5	5	2	3	3	4	5	5	5	5	5	5	5	4	1	4	4	5	4	1	3	2	4	4	5	4	5	2	4	4	4	4	4
65	M	30	1	1	0	0	4	4	5	5	5	4	4	5	5	4	4	4	4	4	5	4	5	5	4	5	5	4	4	5	4	5	4	5	5	4	5	4	5	4	5	5	5	4	5	5	4	4	4	4	4	5	4	5	5	4
66	F	31	0	0	0	0	4	4	5	4	5	4	5	5	2	4	4	5	4	4	4	5	4	5	4	4	4	5	4	4	5	5	4	4	5	4	4	4	5	4	5	5	5	4	5	5	5	4	4	5	5	5	4	5	4	5
67	M	7	1	0	0	0	5	5	5	5	2	5	5	4	5	4	4	5	4	5	4	4	5	5	4	5	5	4	4	5	4	4	4	5	4	4	5	4	5	5	4	3	5	4	4	5	4	5	5	4	2	4	4	5	2	4
68	M	41	1	0	1	0	5	5	4	4	4	5	4	5	5	4	4	5	4	5	5	5	5	4	4	5	5	4	5	4	4	4	5	5	5	4	5	5	5	4	5	4	4	4	5	5	5	4	5	5	4	4	5	5	5	5
69	F	27	0	0	0	0	4	5	5	5	4	5	5	5	5	5	5	4	5	4	4	5	4	5	4	4	4	5	4	4	5	5	4	5	4	4	4	4	4	4	5	4	4	4	4	5	5	5	4	4	4	5	4	4	4	5
70	M	7	0	0	0	0	4	5	5	4	4	4	4	4	5	5	3	5	4	5	4	5	4	4	4	5	5	5	5	5	4	4	5	3	4	5	2	4	4	4	5	5	5	4	5	4	3	4	4	4	4	5	4	5	5	4
71	M	43	1	0	1	0	4	4	4	5	4	4	5	4	4	5	4	5	4	5	5	5	4	5	5	4	4	5	5	4	5	5	4	5	4	5	4	4	5	5	5	4	5	5	4	5	4	4	4	5	4	4	5	4	4	5
72	F	35	0	0	0	0	4	4	4	5	5	5	5	5	4	4	4	5	5	4	4	5	4	5	4	4	5	4	4	5	5	4	4	4	4	4	5	4	4	4	5	5	4	4	4	4	5	5	5	5	5	4	4	4	4	5
73	M	8	0	0	0	0	5	4	5	4	5	4	5	5	5	5	5	5	5	5	4	4	4	5	4	4	5	4	5	4	4	4	5	5	5	5	3	5	5	4	5	5	5	5	5	4	4	3	5	5	5	5	4	5	5	3
74	M	43	1	0	0	1	4	4	4	5	5	5	5	4	4	5	5	5	5	4	4	5	4	5	4	5	4	5	4	5	4	5	4	4	4	5	5	5	4	4	4	5	4	4	4	4	4	5	5	5	5	5	4	5	5	4
75	F	34	0	0	0	0	5	5	4	4	4	4	5	4	5	4	5	5	4	5	5	5	5	5	4	4	5	5	4	5	5	4	5	4	5	5	5	5	5	5	5	2	5	4	4	4	5	5	3	5	5	4	5	5	5	4
76	M	8	0	0	0	0	5	4	4	4	5	5	5	4	5	5	4	4	4	4	5	2	4	4	5	5	5	4	4	4	4	4	5	5	5	5	4	4	5	4	4	4	4	5	4	4	4	5	5	5	4	4	4	4	4	4
77	M	45	0	0	0	0	5	5	5	4	4	4	4	4	5	5	5	4	5	5	4	5	4	4	4	4	4	4	4	5	5	4	4	5	5	4	4	5	5	5	4	4	4	4	5	5	4	5	5	4	4	5	4	5	4	5
78	F	47	1	1	0	0	4	4	4	5	5	4	5	5	4	5	5	4	4	4	5	4	4	5	4	5	4	5	5	5	4	5	5	5	5	4	5	5	5	5	5	5	4	4	4	4	5	5	4	4	5	4	2	5	5	4
79	M	12	1	0	0	0	4	5	4	4	4	5	5	5	5	4	5	4	4	5	5	5	5	4	4	4	4	4	5	5	4	4	5	5	5	5	5	4	4	4	4	4	5	4	4	4	4	4	5	5	5	4	4	5	4	5
80	F	8	0	0	0	0	4	5	5	5	5	5	4	5	2	4	5	4	5	5	5	5	5	5	4	4	4	5	4	4	4	3	5	5	5	4	4	5	4	2	4	4	4	4	5	5	5	4	4	5	5	5	4	4	5	3
81	M	42	1	0	0	1	4	5	4	4	5	4	5	4	4	5	5	5	4	4	4	4	5	5	5	4	4	4	4	4	4	5	5	4	4	4	5	4	4	4	5	4	4	5	5	4	4	5	4	4	5	5	5	5	5	4
82	F	41	0	0	0	0	5	2	5	5	5	5	4	5	5	5	5	2	5	4	5	5	4	5	5	4	5	5	5	5	4	5	5	4	5	4	4	4	4	5	4	4	4	5	5	5	5	5	5	4	5	4	5	5	5	4
83	M	8	1	1	0	0	4	5	5	4	2	3	4	5	4	5	5	3	4	5	4	5	3	5	5	5	5	4	5	4	3	4	5	3	5	4	5	5	2	3	3	5	4	3	4	5	3	4	5	4	4	5	4	4	4	3
84	M	41	1	0	0	1	5	4	4	5	4	4	4	5	5	5	4	4	4	4	5	3	5	5	4	5	5	4	4	4	5	5	5	2	5	4	4	4	5	5	5	5	5	4	5	4	4	4	4	4	4	5	5	4	5	4
85	F	40	1	0	0	1	5	4	4	4	4	4	4	4	4	5	5	5	5	5	2	5	5	4	4	5	4	4	5	5	5	4	4	5	5	4	5	5	4	5	4	4	5	5	4	5	4	4	4	5	5	5	4	4	5	4
86	M	8	1	0	1	0	4	4	2	5	4	4	3	5	5	5	5	4	4	4	5	4	5	3	4	5	5	5	5	3	5	4	4	4	4	5	4	2	5	3	4	4	4	4	4	3	3	3	2	3	5	4	5	4	5	3
87	M	44	1	1	0	0	4	4	4	5	4	4	5	4	5	5	5	4	4	4	4	5	5	5	4	5	5	5	4	5	5	5	4	4	4	4	4	5	5	4	5	5	5	5	4	5	5	4	4	4	5	5	4	4	4	4
88	F	43	0	0	1	0	5	5	4	5	4	4	4	5	5	4	5	5	4	4	5	4	5	5	4	5	5	5	4	5	4	5	4	5	5	4	4	5	4	4	5	5	4	5	4	5	5	4	4	4	4	4	4	4	5	5
89	M	19	0	0	0	0	1	4	4	4	1	2	4	5	4	4	5	4	1	4	4	4	5	4	5	5	4	5	5	5	4	5	4	4	4	4	4	4	4	4	5	4	4	4	5	5	5	4	5	4	4	4	4	5	4	4
90	M	8	1	1	0	0	4	5	4	4	4	4	5	5	4	4	4	4	4	5	3	5	3	4	4	5	2	3	3	4	5	4	4	4	4	2	2	4	5	5	3	3	5	5	4	5	4	5	4	5	5	4	4	4	5	4
94	M	40	0	0	0	0	4	4	4	4	5	5	5	4	5	5	5	4	5	5	5	5	4	4	4	4	5	4	4	5	4	4	4	5	4	5	4	4	4	4	5	4	5	4	5	4	5	4	4	5	4	5	5	4	5	4
95	F	41	0	0	0	0	4	4	5	5	5	5	4	5	4	5	5	5	5	4	5	3	5	3	5	5	3	5	5	4	4	5	4	5	4	5	5	5	5	4	5	3	5	5	5	5	4	5	4	4	4	5	4	4	5	4
96	F	8	0	0	0	0	2	5	2	5	4	4	5	5	4	4	5	5	4	4	4	5	4	4	5	4	5	5	5	3	4	4	4	5	4	5	5	4	4	4	5	4	5	4	5	4	4	4	4	4	4	5	4	5	4	4
97	M	35	1	0	0	0	4	5	4	4	5	5	5	5	4	5	4	5	4	4	5	4	4	5	4	5	5	4	4	4	5	4	4	4	4	5	4	5	5	4	4	5	5	4	4	5	4	5	5	5	5	5	5	4	5	5
98	F	33	1	0	0	1	5	5	5	4	5	4	5	4	5	4	4	5	4	5	4	5	5	4	4	5	5	5	4	4	5	4	4	4	4	4	4	5	5	5	4	5	4	5	5	5	4	4	4	4	4	5	4	4	4	5
99	F	12	1	0	0	0	5	5	5	4	5	4	5	5	2	5	5	4	5	5	4	4	4	5	5	5	4	4	4	4	5	5	4	5	5	4	5	5	5	4	5	5	5	4	5	4	5	5	5	4	5	5	5	5	4	5
100	M	10	0	0	0	0	5	5	5	4	5	4	5	5	5	5	4	5	2	4	4	4	4	4	5	4	5	5	5	5	5	5	4	4	4	5	1	4	5	4	5	4	1	5	5	2	3	2	5	4	4	5	4	5	4	5
101	F	6	0	0	0	0	5	4	5	4	5	4	5	4	4	5	4	4	4	5	4	4	4	5	5	5	4	5	4	5	4	4	5	4	4	4	5	4	4	4	5	5	5	4	5	5	4	5	5	4	5	5	5	4	5	4
102	M	49	0	0	0	0	4	5	5	4	5	4	4	4	5	5	4	5	4	4	4	4	4	4	5	4	4	4	4	5	4	5	4	5	5	4	5	5	4	5	4	4	5	5	5	4	5	4	4	4	5	4	5	5	5	5
103	F	45	0	0	0	1	5	5	5	4	5	4	5	4	5	4	4	5	5	4	5	4	4	4	4	4	4	5	4	5	5	5	4	5	5	5	4	4	5	4	4	4	5	4	5	5	4	5	4	5	1	5	5	5	4	5
104	M	12	0	0	0	0	5	5	5	4	5	5	5	5	4	4	5	4	5	4	4	5	4	5	4	5	4	4	4	5	5	4	4	4	5	5	4	5	4	4	4	5	5	4	4	4	4	4	5	5	5	4	5	5	5	4
105	M	8	1	0	1	0	5	2	5	4	4	4	4	5	4	4	5	4	4	5	5	4	5	4	4	4	4	5	4	5	5	4	4	5	5	4	5	5	5	4	1	5	4	4	5	4	4	5	5	5	4	5	4	4	3	4
106	M	36	1	0	0	1	4	4	4	5	5	5	5	4	5	4	5	5	5	4	4	4	4	4	4	4	5	5	4	4	5	5	5	5	5	5	5	4	4	5	4	5	4	4	4	5	5	4	5	4	4	5	4	5	5	4
107	F	31	0	0	0	0	5	4	4	5	4	5	5	5	4	5	4	5	5	4	4	5	4	4	5	5	4	4	5	5	4	5	5	5	5	5	4	5	4	4	4	5	4	5	4	4	5	4	5	5	4	5	4	5	4	5
108	M	9	0	0	0	0	4	4	4	4	4	5	4	5	3	4	5	5	5	2	5	4	5	3	3	5	5	3	5	4	5	5	5	3	5	3	3	4	5	5	3	5	5	2	2	2	3	2	5	5	3	3	4	3	3	5
109	F	6	1	0	0	0	4	5	5	4	4	4	5	4	5	5	5	5	4	4	4	4	4	4	5	5	5	4	4	5	4	5	3	5	4	4	5	2	3	4	4	2	2	5	4	4	5	3	4	2	5	5	4	5	4	4
110	M	48	0	0	0	0	5	4	4	5	4	4	5	5	5	5	5	5	4	5	4	5	4	4	4	4	5	4	5	5	4	4	5	5	4	5	5	4	5	5	5	4	4	4	5	4	5	5	5	4	4	4	4	4	5	5
111	F	44	1	0	1	0	5	4	4	4	5	4	5	4	4	4	4	4	4	4	4	4	4	5	5	5	4	5	5	4	4	4	5	5	2	4	4	5	3	5	5	4	5	5	4	4	4	4	5	4	4	4	4	5	4	4
112	F	16	0	0	0	0	5	5	5	4	5	4	4	5	4	4	4	4	4	4	5	4	4	4	4	4	4	4	5	5	5	4	5	4	5	4	4	5	5	4	4	4	5	4	4	5	5	5	4	5	4	5	4	5	4	5
113	M	7	0	0	0	0	5	3	4	5	5	3	4	2	4	4	4	5	5	5	5	5	5	5	4	4	4	5	5	3	3	4	1	4	3	5	3	5	4	4	4	5	4	5	5	5	5	5	5	2	3	4	4	4	5	5
114	M	27	1	1	0	0	4	5	4	4	5	4	4	5	4	5	4	5	4	4	4	5	5	4	4	5	4	5	4	4	5	5	5	4	5	5	4	5	4	5	1	4	5	4	4	4	4	5	4	5	5	4	5	4	4	4
115	F	26	0	0	0	0	5	5	5	5	5	2	5	4	4	4	4	4	4	5	4	5	5	5	5	5	4	4	4	5	4	4	4	4	4	4	5	1	5	4	5	4	4	5	4	5	5	5	5	4	5	4	4	4	4	4
116	M	7	1	0	0	0	4	4	4	4	5	5	5	4	5	4	4	5	4	4	4	5	4	4	5	5	5	4	4	4	4	4	4	4	5	4	4	5	4	5	4	4	4	4	5	3	4	5	5	4	5	3	4	4	4	5
117	M	43	0	0	0	0	5	4	5	5	5	4	5	5	5	5	5	5	4	4	5	5	4	4	4	5	5	5	4	5	5	5	4	4	4	5	4	4	5	5	4	4	4	5	5	4	4	4	4	5	4	4	5	4	5	4
118	F	39	1	0	0	1	5	4	4	4	4	4	5	5	5	4	4	4	5	5	4	5	5	4	5	4	5	5	5	5	4	5	5	4	4	4	4	5	5	5	4	5	5	4	4	4	5	5	4	4	4	5	5	4	5	4
119	M	15	0	0	0	0	4	5	5	4	5	4	4	4	4	4	5	5	5	4	4	4	5	4	5	4	5	5	5	5	4	4	4	5	4	5	4	4	5	4	4	5	5	5	4	5	5	4	5	5	4	4	4	5	4	5
120	F	14	1	0	0	1	4	5	4	4	4	4	4	4	4	5	4	5	5	4	5	4	5	4	4	4	4	4	4	4	5	5	4	4	5	4	5	4	4	5	5	4	5	4	4	5	5	5	5	4	4	5	4	5	5	5
121	M	30	1	0	0	0	4	4	4	4	5	4	4	5	5	5	4	4	4	5	4	5	4	4	5	5	4	4	5	5	5	4	4	4	5	5	4	5	4	4	5	5	4	4	4	5	4	5	4	4	5	4	5	5	5	4
122	F	26	1	0	0	1	4	5	5	5	4	5	4	4	5	5	5	5	5	4	4	4	5	5	4	4	5	5	5	5	4	4	4	5	4	5	5	5	4	4	4	5	4	4	4	4	5	4	4	5	5	5	4	5	5	4
123	M	7	1	1	0	0	5	5	4	5	5	4	5	4	5	4	5	2	5	5	5	5	4	4	5	5	4	5	4	4	4	4	5	5	5	4	5	5	4	5	4	4	5	5	5	4	5	5	5	5	4	4	5	4	4	5
124	M	43	1	1	0	0	4	4	4	4	5	5	5	5	5	5	5	4	5	5	4	4	4	4	5	4	4	5	4	4	4	5	5	5	5	4	5	5	4	5	4	5	5	4	4	4	5	5	4	5	4	5	4	5	5	4
125	F	38	0	0	0	0	4	5	4	5	4	4	4	4	5	5	4	5	4	5	5	4	5	5	4	5	5	5	5	4	5	5	5	4	4	4	5	5	4	4	4	5	4	4	4	5	5	5	4	4	4	5	5	5	4	5
126	M	15	1	0	0	1	5	4	4	4	4	5	4	4	4	4	4	4	4	5	4	5	4	5	5	5	4	5	5	4	5	4	4	4	4	4	5	4	4	4	4	4	5	5	4	5	5	4	5	4	4	4	4	5	4	5
127	M	38	1	1	0	0	4	5	5	5	5	5	5	5	4	4	4	4	5	4	4	4	4	5	5	5	5	4	4	4	5	5	5	5	4	5	4	3	4	5	4	5	5	5	5	4	5	4	5	5	3	4	4	5	4	4
128	F	30	1	0	0	0	5	4	5	5	4	5	4	4	4	5	5	5	5	5	5	5	5	4	4	5	5	5	4	5	5	5	5	5	4	5	4	5	5	4	4	5	4	4	5	5	4	5	4	4	5	5	5	5	4	5
129	F	6	0	0	0	0	2	4	5	4	5	4	4	5	4	5	5	4	4	5	5	5	5	5	4	4	4	4	5	5	4	4	5	4	5	4	5	5	4	4	4	5	1	4	4	4	5	4	4	5	4	4	4	4	5	4
133	M	41	1	0	0	1	5	5	2	4	5	4	4	5	5	4	4	4	4	4	5	4	5	5	4	5	5	4	4	4	5	5	5	4	5	4	5	5	4	4	5	5	4	4	5	4	4	4	5	5	5	4	5	5	4	4
134	F	31	0	0	0	0	4	5	4	4	5	5	5	5	4	4	5	5	5	4	4	4	5	4	4	5	4	4	5	4	4	4	5	5	5	5	4	5	4	5	4	4	5	5	5	5	5	5	4	5	4	5	5	4	4	4
135	M	6	1	1	0	0	4	4	5	5	5	5	4	5	4	4	4	5	5	4	4	4	4	4	5	4	4	5	4	4	4	4	4	5	4	5	4	4	4	4	4	4	5	4	1	5	4	4	4	4	5	5	5	3	4	5
138	M	47	0	0	0	0	4	4	5	5	5	5	5	4	5	5	4	5	4	4	4	4	5	5	4	5	5	4	5	4	5	5	5	4	5	5	5	4	4	4	5	5	4	4	5	4	4	5	4	5	4	5	5	5	4	5
137	F	39	0	0	0	0	5	3	2	5	5	5	4	3	5	4	2	4	4	4	5	5	4	5	5	4	4	2	4	5	5	5	5	5	3	5	4	5	4	4	5	4	5	4	4	4	4	5	4	5	4	4	4	4	4	4
136	M	6	1	0	0	1	5	5	5	3	2	5	5	4	4	4	5	5	5	5	5	4	4	4	5	5	5	1	4	2	5	5	5	3	4	2	3	2	5	3	3	2	5	2	5	5	5	5	5	5	5	4	4	5	1	5
139	M	48	1	0	0	0	4	5	5	5	4	4	5	4	4	4	5	5	4	5	4	5	5	5	5	4	5	5	5	4	4	5	5	5	4	5	4	4	4	4	5	4	4	4	5	4	4	4	4	5	5	5	4	4	4	5
140	F	48	0	0	0	0	4	5	4	5	4	4	5	4	5	5	5	5	4	4	4	5	4	5	5	4	4	5	4	4	4	4	5	3	5	5	5	5	4	4	5	5	5	4	5	5	5	4	5	4	5	5	5	5	5	4
141	F	7	1	0	0	1	4	5	1	1	5	5	1	4	5	4	5	1	1	4	5	4	4	4	4	5	4	4	4	1	5	4	4	5	4	4	1	4	5	5	2	5	4	5	4	4	5	5	4	4	4	4	5	3	4	5
145	M	42	1	0	0	1	4	5	4	5	5	5	4	4	5	5	4	5	5	5	5	5	4	5	4	4	5	5	4	5	4	4	4	5	5	5	5	5	5	4	5	4	5	4	4	5	4	5	4	5	4	4	5	4	4	4
146	F	39	1	0	0	1	4	5	4	5	4	5	5	5	4	4	5	4	4	4	5	4	4	4	4	5	4	4	4	5	4	4	4	4	5	5	4	4	4	4	5	4	4	4	5	4	4	4	5	4	4	5	5	5	5	5
147	M	16	1	0	0	0	5	5	4	4	4	4	5	4	5	5	5	5	4	4	4	5	5	5	5	5	4	4	5	5	4	5	4	5	5	5	4	5	5	4	4	4	4	4	5	4	4	5	5	5	5	5	5	4	4	4
148	M	7	1	1	0	0	4	4	5	2	2	3	4	5	4	5	5	5	5	5	4	4	4	5	5	5	3	4	2	4	5	4	5	4	4	5	5	3	4	4	4	5	5	4	5	4	4	5	4	4	4	5	5	5	5	4
149	M	50	1	0	0	1	4	4	4	5	4	5	4	5	4	5	4	4	5	4	4	4	4	5	5	5	4	5	5	5	5	5	4	4	4	4	5	5	4	5	5	4	5	5	4	5	4	5	4	5	5	5	4	4	5	4
150	F	38	1	1	0	0	5	4	4	5	4	4	5	4	5	4	4	5	4	4	5	5	4	4	4	5	4	4	4	5	5	4	5	5	4	4	5	5	4	4	4	4	4	5	5	5	4	4	4	4	5	4	4	5	5	4
151	F	12	1	0	0	1	4	4	5	5	5	4	4	5	5	4	4	5	5	5	5	5	5	4	5	4	5	5	4	4	4	4	4	5	4	4	4	4	4	5	5	5	4	4	4	4	5	5	5	4	4	5	5	4	5	5
152	M	33	1	0	0	1	5	5	4	5	4	5	4	4	5	5	5	4	4	4	5	5	4	4	5	4	4	4	4	4	5	4	4	4	4	5	4	4	4	4	5	4	4	4	4	4	4	5	5	5	4	4	5	5	5	4
153	F	31	0	0	0	0	4	4	4	4	4	4	5	4	4	5	4	5	5	4	4	4	4	4	5	5	4	5	4	4	5	4	4	5	4	5	4	4	4	4	5	5	4	5	4	4	5	5	4	4	4	5	4	4	5	1
154	M	12	1	1	0	0	4	4	4	5	5	4	4	4	4	5	5	5	3	5	4	5	5	4	5	5	4	4	4	5	5	5	4	5	5	5	5	3	5	4	4	5	4	4	5	5	4	4	5	4	5	5	2	4	5	5
155	M	37	1	1	0	0	5	5	4	5	5	4	4	5	4	5	4	5	5	5	4	4	4	4	4	4	4	5	5	5	5	4	5	4	4	5	4	5	4	5	5	4	4	5	4	5	5	4	4	5	5	5	5	4	4	5
156	F	35	0	0	0	0	4	4	5	1	5	5	5	5	4	4	4	5	5	4	4	4	5	4	4	5	4	4	4	5	4	4	5	5	4	4	4	5	4	5	5	4	4	4	5	5	5	5	5	5	5	4	4	4	4	5
157	M	6	0	0	0	0	5	4	4	4	5	4	4	4	4	5	5	3	3	5	5	3	4	4	2	3	5	5	5	4	5	5	5	2	3	4	5	4	4	3	4	4	2	4	4	5	4	5	4	4	5	5	5	5	2	4
158	M	44	1	0	0	1	4	5	5	4	4	5	5	5	4	4	4	4	5	4	5	4	5	5	4	5	4	5	2	4	4	4	5	3	5	5	5	5	5	5	4	5	5	5	4	4	5	5	4	4	5	4	5	2	5	5
159	F	47	1	0	0	1	5	4	4	4	4	5	4	4	4	4	5	4	4	5	5	4	5	4	4	5	4	5	5	5	5	4	4	4	4	4	5	4	4	5	5	5	4	4	4	4	5	5	4	4	5	4	4	4	5	5
160	M	12	0	0	0	0	4	5	5	4	5	5	5	5	5	5	4	5	5	4	5	5	4	4	4	5	4	5	4	4	5	5	4	4	4	5	3	5	4	5	2	5	5	5	5	4	3	4	5	4	5	4	4	5	5	4
161	M	6	0	0	0	0	5	5	3	4	2	5	5	5	3	5	1	4	5	5	5	1	5	5	5	5	4	1	5	4	5	4	5	5	5	4	5	5	5	5	4	4	5	2	3	3	3	3	4	5	2	4	5	5	4	4
162	M	42	1	0	0	1	5	5	5	5	5	5	5	5	4	4	4	5	5	4	4	4	5	5	5	4	4	4	4	5	4	5	4	4	5	5	4	5	4	4	4	4	5	5	5	4	4	4	4	5	5	5	5	5	5	4
163	F	40	0	0	0	0	4	5	5	5	5	5	5	5	5	5	5	5	4	4	5	4	4	4	4	5	5	4	5	4	5	5	4	5	4	5	5	4	5	4	5	4	5	4	4	5	5	4	5	3	5	4	5	4	5	5
164	F	11	1	0	0	0	4	5	5	4	5	5	5	4	4	4	5	4	5	4	4	5	5	5	5	3	3	5	4	4	4	5	5	4	2	4	4	4	4	5	4	3	4	4	5	4	4	4	4	5	5	5	5	5	5	4
165	M	49	1	0	0	1	4	5	5	5	4	5	5	4	5	5	4	4	5	5	4	5	5	5	4	5	5	5	4	5	4	5	4	5	5	4	4	5	4	5	5	5	4	5	4	4	4	5	4	4	5	5	5	4	4	5
166	F	44	1	0	0	0	5	4	5	5	4	5	5	4	2	5	4	5	4	4	4	4	4	4	5	4	5	5	5	5	4	5	5	4	5	4	5	5	5	5	4	4	4	4	5	4	5	4	4	4	4	4	4	4	5	5
167	M	11	0	0	0	0	4	5	5	5	4	4	5	4	5	5	5	5	5	4	4	4	5	5	5	4	5	5	5	5	4	4	4	4	4	5	5	4	4	4	4	5	4	4	4	4	4	5	4	5	4	4	5	4	5	5
168	F	9	1	0	0	0	5	2	5	2	5	5	2	2	4	5	4	4	5	5	4	4	4	5	5	4	4	4	4	4	5	4	5	5	4	2	5	4	2	4	5	4	5	5	4	4	4	4	4	5	2	4	5	5	3	2
169	M	35	1	0	0	1	5	4	4	4	4	5	4	4	4	5	4	4	5	4	5	5	5	5	4	4	4	4	5	5	5	4	4	4	5	4	4	5	4	4	5	4	4	4	4	4	5	4	5	4	5	4	4	5	5	5
170	F	35	0	0	0	0	4	5	5	5	4	4	5	5	3	5	4	2	4	5	5	5	4	4	5	5	5	4	5	5	4	5	4	5	5	5	4	4	4	5	5	3	4	5	4	4	4	4	5	4	4	4	5	4	4	4
171	F	8	0	0	0	0	5	5	5	3	5	4	5	2	4	5	5	4	5	4	5	5	4	5	5	5	4	5	5	3	5	4	5	4	5	5	4	4	5	4	5	4	5	5	5	4	5	4	4	4	4	4	4	4	4	5
176	M	45	1	0	0	1	5	4	5	4	4	4	5	4	5	5	4	2	5	5	4	4	4	4	4	4	4	4	5	4	4	5	4	4	5	4	4	4	4	4	4	4	5	5	5	4	5	4	4	4	5	4	5	4	4	5
177	F	32	1	0	0	1	5	5	5	5	4	5	5	5	4	4	4	5	4	4	5	4	4	4	5	4	4	5	4	4	5	4	4	4	4	5	5	4	4	4	4	4	5	4	4	4	4	4	4	4	4	4	4	5	3	4
178	M	7	1	0	0	0	5	4	5	4	5	4	4	5	5	4	4	4	5	4	5	4	5	5	5	4	5	5	5	4	5	5	5	4	5	5	5	3	4	4	4	5	2	4	4	5	4	4	4	4	5	4	5	4	5	4
179	M	39	0	0	0	0	5	5	5	5	2	5	4	5	5	4	4	4	5	4	4	4	5	5	5	4	5	4	5	4	5	5	4	4	5	4	4	5	4	4	4	5	4	5	5	5	5	2	4	5	4	4	5	4	4	4
180	F	37	0	0	0	0	5	5	4	5	5	5	5	5	5	4	5	4	5	4	5	4	4	5	4	4	5	4	5	4	5	5	4	5	4	5	5	5	4	5	5	4	5	4	5	4	4	5	4	5	5	5	5	4	4	5
181	M	10	1	1	0	0	4	4	5	5	5	5	2	5	5	5	5	5	2	5	5	2	4	4	5	5	5	4	2	4	5	4	5	4	5	5	5	4	5	5	3	4	5	5	4	3	4	4	5	5	2	2	3	5	4	5
182	M	40	1	1	0	0	5	5	4	5	5	5	4	5	5	4	4	5	4	5	4	5	4	4	4	5	4	5	4	4	5	5	5	4	4	5	4	4	4	4	4	4	5	5	4	5	4	4	4	4	5	4	4	5	5	4
183	F	44	0	0	0	0	2	5	5	5	4	5	4	4	5	5	5	5	4	5	5	4	5	5	4	4	5	5	5	4	5	2	4	5	4	5	5	4	4	4	4	4	5	4	5	5	4	4	4	4	5	4	4	5	4	5
184	F	13	0	0	0	0	5	4	4	4	4	4	5	4	4	4	5	4	4	5	5	4	4	5	4	4	4	5	4	5	4	4	4	4	5	5	4	4	4	4	5	4	4	4	5	4	4	5	4	4	5	4	4	5	4	4
185	F	10	1	1	0	0	4	5	4	5	5	5	4	4	5	4	4	4	5	4	4	4	5	5	4	5	4	4	4	4	5	4	4	4	4	4	5	5	5	5	4	4	5	2	5	5	5	4	5	3	5	5	4	4	5	4
186	M	31	1	1	0	0	4	5	5	4	4	4	5	5	4	4	4	4	4	5	5	4	4	4	4	5	4	4	5	4	4	4	4	5	5	4	5	5	4	4	5	4	5	4	5	4	4	5	4	4	4	4	4	5	4	4
187	F	29	1	0	0	1	4	5	5	5	4	4	5	5	4	4	4	5	5	4	5	4	4	5	5	4	4	4	4	5	5	4	4	5	5	4	5	4	5	5	5	5	4	4	4	4	4	5	5	4	5	5	4	5	5	5
188	F	7	1	0	0	1	5	5	5	5	4	4	5	3	4	4	5	4	5	5	5	5	5	5	2	5	5	2	5	4	5	4	5	5	5	4	1	5	4	4	4	4	3	3	2	4	5	1	1	5	5	5	5	4	4	4
189	M	39	1	0	1	0	4	4	5	5	4	4	4	4	4	5	1	5	5	5	5	4	5	4	4	5	5	4	4	4	4	4	4	4	4	5	5	5	5	5	4	5	4	4	5	1	4	4	5	5	5	4	5	5	4	4
190	F	39	1	0	0	0	5	5	5	5	4	4	5	5	4	5	5	5	5	4	5	4	5	4	5	4	5	5	4	5	5	5	5	5	4	5	5	4	4	4	4	5	5	5	5	4	5	4	4	4	4	5	4	4	4	5
191	M	7	0	0	0	0	3	5	4	5	4	5	1	3	5	4	5	4	5	3	2	4	5	5	5	5	3	4	5	4	5	4	5	5	3	2	5	5	4	4	4	5	3	5	4	5	4	4	4	4	2	4	2	4	3	2
195	M	48	1	1	0	0	4	4	4	5	4	5	4	4	4	4	4	4	4	4	4	5	4	5	5	4	4	4	5	5	5	4	5	4	4	4	5	4	5	5	4	5	5	4	4	4	4	5	4	5	4	4	5	4	5	4
196	F	45	1	0	0	1	5	2	5	5	2	4	5	4	4	4	5	5	4	4	5	4	4	4	5	4	4	4	5	4	1	5	4	4	5	4	5	1	5	4	5	5	4	4	5	5	4	5	5	5	5	4	5	4	5	4
197	M	13	0	0	0	0	4	4	4	5	4	4	5	4	5	5	4	5	5	5	5	4	5	5	5	4	4	5	5	4	5	4	5	5	5	5	5	5	4	5	4	5	5	4	5	4	4	5	5	4	4	4	5	4	5	4
198	M	17	1	1	0	0	5	5	5	5	3	5	5	5	5	5	5	5	5	5	4	4	4	2	5	4	5	4	4	4	5	4	5	5	5	4	4	5	5	5	4	4	5	5	5	5	4	4	5	4	5	4	5	4	5	5
199	M	36	1	0	0	1	4	4	5	5	4	5	4	4	4	5	5	5	5	5	4	4	5	4	5	4	5	5	4	4	4	5	5	4	4	4	4	5	5	4	5	4	5	4	5	4	5	4	4	5	4	5	5	5	4	5
200	F	34	0	0	0	0	5	5	4	5	5	4	5	4	5	4	5	5	5	5	5	5	5	4	5	5	4	4	4	5	5	5	5	4	5	5	5	5	4	4	4	4	5	4	4	4	5	5	5	5	4	5	4	4	4	5
201	M	6	0	0	0	0	4	2	5	4	4	5	5	4	4	5	5	4	5	4	4	4	5	3	5	2	4	5	4	4	5	5	5	5	4	5	5	4	4	5	5	4	4	4	4	5	2	5	5	5	4	5	4	5	5	5
202	M	35	1	1	0	0	5	5	5	4	5	4	5	4	4	4	5	3	3	5	3	4	5	4	4	4	5	4	3	4	5	3	5	3	3	4	4	4	5	5	5	4	4	5	4	2	4	5	5	4	3	2	5	3	5	4
203	F	32	1	0	0	1	5	5	5	4	5	4	4	5	5	4	5	5	5	5	4	5	4	5	5	4	4	4	5	4	4	4	5	3	5	4	5	5	4	4	4	5	5	4	4	5	4	5	4	5	4	5	5	5	4	5
204	F	10	0	0	0	0	2	4	4	4	4	4	4	4	4	5	5	4	4	4	4	5	4	5	1	4	5	3	5	4	5	5	5	5	5	2	5	4	4	4	5	4	4	4	5	4	5	4	5	4	4	5	4	4	4	5
205	F	6	0	0	0	0	5	5	5	4	5	4	5	4	4	4	5	3	3	5	3	4	5	4	4	4	5	4	3	4	5	3	5	3	3	4	4	4	5	5	5	4	4	5	4	2	4	5	5	4	3	2	5	3	5	4
206	M	56	1	0	1	0	5	5	4	5	4	5	4	4	5	2	4	4	5	5	5	5	5	4	4	4	4	5	4	4	4	4	4	4	4	4	5	5	5	5	4	5	5	4	4	4	5	5	4	4	5	4	5	4	5	5
207	F	36	0	0	0	0	4	4	4	5	4	4	4	5	5	4	4	5	5	4	5	4	4	4	5	4	2	4	4	4	4	4	5	4	4	4	5	5	5	4	5	4	4	5	4	3	4	5	5	5	5	5	4	5	5	5
208	M	7	0	0	0	0	2	5	2	5	4	4	4	4	4	5	5	5	5	3	5	3	4	4	4	4	4	4	5	4	5	4	4	5	5	2	4	5	4	4	5	5	4	5	5	3	3	3	3	4	4	5	5	4	5	4
209	M	42	1	0	0	1	5	5	4	4	4	4	4	4	5	4	4	5	5	4	5	5	4	5	5	4	5	5	4	5	4	5	4	5	5	5	5	5	4	4	4	5	4	4	4	5	5	5	4	4	4	5	4	4	5	4
210	F	36	0	0	0	0	5	4	5	5	5	5	5	5	5	4	5	5	5	4	4	4	4	4	4	4	5	5	4	4	4	5	4	4	4	4	5	4	5	5	5	4	4	5	4	5	5	4	4	5	5	5	4	4	4	4
211	M	7	1	1	0	0	4	5	5	4	4	5	1	4	4	4	4	5	5	4	5	4	4	4	4	4	5	4	4	2	4	5	4	4	4	5	4	5	5	4	4	4	5	4	4	4	5	5	2	2	5	5	2	3	5	4
212	M	28	1	0	0	1	5	5	5	4	5	4	4	4	4	4	4	4	4	5	4	4	5	5	5	5	5	4	4	4	4	4	4	4	4	4	5	5	5	5	5	4	4	5	5	5	5	4	4	5	5	4	5	4	5	5
213	F	28	0	0	0	0	4	4	4	5	4	4	5	5	5	5	5	4	5	5	4	4	4	4	4	5	5	4	5	4	5	4	5	4	5	5	5	4	5	4	5	5	5	4	5	5	2	4	4	5	5	4	4	4	4	4
214	M	6	1	0	1	0	5	4	4	5	5	5	5	3	5	4	5	4	4	4	4	4	5	5	5	2	4	5	5	4	3	4	5	4	2	5	2	3	5	5	1	4	4	5	4	5	5	4	5	5	2	5	5	5	4	5
215	M	31	1	0	0	1	4	4	5	5	4	4	4	4	4	5	4	4	4	4	4	4	5	3	4	4	4	5	5	5	4	5	4	5	4	5	5	5	5	4	4	4	4	4	4	5	5	4	5	4	5	4	4	4	4	5
216	F	29	0	0	0	0	5	4	4	3	4	5	4	4	4	5	5	5	4	5	4	5	4	4	5	5	5	4	5	5	5	4	4	4	5	5	5	3	5	5	5	5	4	5	5	4	4	5	3	4	5	5	5	4	4	4
217	M	6	1	0	1	0	5	4	4	5	3	3	5	4	5	4	4	4	5	2	5	3	4	5	3	4	5	4	3	4	5	3	5	5	3	5	3	3	5	4	3	5	5	5	4	4	4	4	5	4	4	2	4	5	3	3
218	M	32	0	0	0	0	5	4	5	4	5	4	4	5	5	5	5	4	5	5	4	4	4	5	4	4	5	4	4	5	5	4	4	5	4	4	5	4	5	4	4	5	5	4	4	4	5	4	5	4	4	4	4	5	4	5
219	F	32	1	1	0	0	5	4	4	5	5	4	4	4	5	4	5	4	5	4	5	5	4	4	5	4	4	5	5	4	4	5	4	4	4	5	4	4	5	5	4	5	4	5	5	5	5	4	5	4	4	4	5	4	5	4
220	M	14	1	0	0	0	5	5	5	5	5	5	4	5	4	4	5	5	5	5	5	4	5	4	5	4	4	4	4	5	4	4	4	5	4	5	4	5	5	4	5	4	4	5	4	4	4	5	5	5	4	5	4	4	5	5
225	M	34	1	1	0	0	5	5	5	4	5	5	5	4	4	4	4	5	5	5	4	5	5	5	4	5	5	4	5	5	4	4	4	5	4	5	5	4	4	4	5	4	4	5	5	5	4	4	5	4	4	4	4	4	5	4
226	F	30	1	0	0	0	5	4	5	4	5	5	3	5	4	4	5	5	5	4	4	4	5	5	5	5	4	5	4	5	5	4	5	4	4	4	4	5	5	4	5	5	4	4	5	4	5	4	5	4	5	4	4	4	4	4
227	M	8	1	0	1	0	3	4	5	4	4	4	4	4	2	5	2	4	2	5	5	5	5	5	4	4	4	5	5	4	4	2	5	3	4	5	4	4	4	4	4	4	5	5	4	4	4	5	5	5	3	4	5	4	5	4
228	M	37	0	0	0	0	5	4	5	5	5	5	5	5	5	4	5	5	5	5	5	5	5	5	5	5	5	5	5	5	4	5	5	5	5	5	2	5	4	4	5	5	4	5	5	5	5	5	4	4	5	5	4	5	5	4
229	F	41	1	0	0	1	5	5	3	5	5	4	4	4	5	5	5	4	5	5	5	4	4	4	5	5	5	5	5	4	5	5	5	4	4	4	5	4	4	4	4	5	5	4	5	4	4	4	5	5	4	5	4	4	4	4
230	M	7	1	0	0	0	4	4	4	5	5	4	4	5	5	5	4	2	5	4	4	5	4	4	4	2	2	2	4	4	5	3	4	4	5	4	3	4	4	5	5	2	5	4	4	5	5	4	4	5	4	5	5	5	5	4
231	M	50	1	0	0	1	4	5	5	5	4	5	5	4	4	4	4	5	4	4	5	4	5	5	4	4	5	4	5	4	4	4	4	5	5	4	4	4	4	5	4	4	4	4	5	5	5	5	4	4	5	5	4	5	5	4
232	F	39	0	0	0	0	5	4	4	5	5	4	5	4	5	4	5	5	5	5	5	5	5	5	5	5	4	4	4	5	4	5	5	4	4	5	4	4	5	5	4	4	5	5	5	5	5	4	4	4	5	4	4	4	5	4
233	M	13	1	0	0	0	4	5	4	5	5	5	5	5	4	4	5	4	4	4	4	4	4	5	4	5	5	5	4	5	4	4	4	4	4	4	4	5	5	5	5	5	4	5	4	4	5	4	4	4	5	5	5	4	4	4
234	M	34	1	0	0	1	5	4	4	5	5	5	5	5	4	5	4	5	4	4	5	4	4	5	4	4	5	4	4	4	4	5	4	5	5	4	5	5	5	4	5	5	4	5	5	5	5	5	5	4	5	4	4	5	4	5
235	F	34	0	0	0	0	4	4	5	4	5	5	5	5	4	4	4	4	5	5	5	4	5	5	4	5	5	5	5	5	5	5	5	5	5	5	5	4	4	4	4	4	5	5	4	4	4	4	4	4	4	4	4	5	5	5
236	M	8	0	0	0	0	4	4	4	5	4	4	5	4	4	5	4	4	5	4	5	5	4	4	5	5	4	4	4	5	1	5	5	4	5	4	4	5	4	4	5	4	5	5	4	5	5	5	2	4	5	4	5	4	4	5
237	M	47	0	0	0	0	4	4	4	4	4	4	4	4	4	5	4	4	4	4	5	4	5	4	5	4	4	4	4	4	5	4	4	4	4	4	4	4	4	5	4	5	4	4	4	5	5	5	5	5	5	5	4	5	5	4
238	F	37	1	0	0	0	5	5	4	5	4	4	5	5	4	5	4	5	5	4	5	5	4	4	4	5	5	2	4	5	4	4	5	5	5	5	4	4	5	5	4	5	5	4	4	4	5	2	5	4	5	5	5	2	5	4
239	F	15	0	1	0	0	4	4	5	4	5	4	5	5	4	3	4	4	4	4	5	4	4	5	4	4	4	5	4	5	5	5	4	4	5	4	5	4	5	5	5	5	5	5	4	5	4	5	5	4	4	4	5	5	5	4
240	M	8	0	0	0	0	3	5	5	5	3	5	3	5	3	5	5	2	3	5	3	4	5	2	5	5	3	4	5	5	5	2	3	5	5	5	4	4	4	4	4	5	4	4	5	5	4	4	5	5	5	4	4	4	4	5
241	M	8	0	0	0	0	4	5	4	4	5	4	4	4	4	5	5	4	4	4	4	4	5	5	4	5	5	5	4	4	4	5	5	4	4	5	4	4	4	5	5	5	5	4	5	2	4	5	4	4	4	4	4	4	4	4
242	M	34	1	0	0	1	5	5	4	4	5	5	5	5	4	5	5	4	2	4	5	4	5	5	5	5	5	5	5	4	5	4	4	4	3	3	4	4	4	5	5	5	2	2	5	5	4	4	3	5	4	5	5	4	2	3
243	F	34	0	0	0	0	5	4	4	4	4	5	5	5	5	4	5	5	4	5	5	5	4	5	4	4	5	4	4	4	4	4	5	5	4	5	4	4	5	4	4	5	5	4	5	4	5	4	5	4	5	4	5	4	5	5
244	F	7	1	0	0	1	3	4	5	4	4	5	5	4	4	5	4	5	4	4	4	4	4	4	4	5	4	4	5	4	5	3	4	4	4	4	4	5	5	4	4	3	5	5	4	5	4	5	1	5	5	5	5	4	4	5
245	M	48	1	1	0	0	5	4	4	4	4	5	4	4	5	5	4	5	5	4	4	4	5	4	5	4	4	4	5	5	5	5	5	4	5	4	5	4	4	5	5	5	4	5	4	4	5	5	4	4	5	4	5	5	4	4
246	F	50	0	0	0	0	5	4	4	5	5	5	4	5	4	4	5	4	5	4	5	4	5	4	5	5	4	4	4	5	4	5	4	5	4	5	5	4	4	4	4	5	5	4	4	5	5	5	5	4	5	5	4	4	5	5
247	F	14	0	0	0	0	4	5	5	5	5	4	5	5	4	4	5	5	5	4	4	5	2	4	5	5	4	4	4	4	5	5	4	4	5	5	4	5	5	5	4	5	5	4	5	5	5	5	5	4	5	5	5	5	4	4
248	M	40	1	0	0	1	5	5	4	4	5	4	5	4	5	4	5	4	4	5	5	4	4	5	4	4	4	5	4	4	4	5	4	4	4	4	5	4	5	5	5	4	4	4	5	5	4	5	4	4	5	4	5	5	5	4
249	F	34	1	0	1	0	4	5	5	4	4	4	5	5	4	4	5	5	4	4	5	5	4	4	5	5	5	5	4	5	5	5	4	5	5	4	4	5	4	5	4	5	5	4	4	5	4	5	4	5	4	4	5	5	5	4
250	M	7	0	0	0	0	2	4	5	4	5	4	5	5	4	4	4	4	5	5	4	4	5	4	4	5	5	4	5	5	5	4	5	2	5	5	4	4	5	5	4	5	4	2	4	4	4	4	5	4	3	5	5	4	3	2
251	M	41	1	1	0	0	4	5	5	4	4	4	4	4	5	4	5	4	5	4	5	4	5	5	4	5	5	2	4	5	5	5	5	4	4	5	4	4	4	4	4	4	5	5	5	4	4	5	5	5	4	5	4	5	4	5
252	F	41	1	0	1	0	4	5	4	5	2	5	5	5	5	4	5	4	5	5	4	5	5	5	2	4	5	5	5	4	5	5	4	4	4	5	5	4	5	4	5	4	4	4	5	5	5	5	4	5	4	5	5	4	5	4
253	F	12	1	0	1	0	5	4	5	5	4	4	5	4	4	4	5	5	2	5	4	4	4	5	5	5	4	5	5	4	4	4	4	4	5	3	4	5	5	1	1	5	2	4	4	4	5	4	4	4	5	4	5	5	5	5
254	M	6	1	0	1	0	5	3	3	2	3	5	4	4	4	5	5	4	4	4	4	2	4	4	4	4	4	4	5	5	5	5	2	3	4	5	5	4	5	5	5	5	5	5	4	4	5	4	5	4	5	5	5	5	4	5
255	M	6	0	0	0	0	4	4	5	4	4	5	5	4	5	4	5	4	5	4	5	5	4	3	5	4	4	5	4	1	5	4	3	4	4	5	4	4	4	5	4	1	5	5	4	4	5	2	5	5	4	5	5	5	4	4
256	M	6	0	0	0	0	3	4	5	5	5	5	3	5	5	5	5	3	4	5	1	5	5	3	4	4	5	4	5	4	2	4	5	5	3	4	4	3	5	4	2	5	4	4	5	5	4	4	5	2	3	3	4	1	5	4
257	M	34	1	0	0	1	5	5	5	4	4	5	4	4	5	5	4	4	5	5	4	4	4	5	4	4	5	4	4	4	5	4	4	5	5	5	4	5	5	5	4	5	4	5	4	4	4	5	5	4	5	4	4	5	4	4
258	F	26	0	0	0	0	5	5	5	4	4	4	5	4	4	5	5	4	5	5	4	5	4	4	5	5	4	5	5	5	5	5	4	4	4	5	5	5	5	4	5	4	4	5	5	4	5	2	4	5	5	4	5	5	5	5
259	M	7	0	0	0	0	4	5	4	4	5	5	4	4	4	5	4	4	4	4	5	5	4	5	5	5	4	5	4	5	4	5	4	5	5	4	5	5	5	5	4	5	5	5	5	5	5	4	5	5	2	4	5	4	5	4
260	M	48	1	1	0	0	4	4	5	5	4	4	4	4	4	5	5	5	5	4	5	5	5	4	4	4	5	4	4	5	4	4	4	4	5	5	5	5	4	4	4	5	5	4	4	4	5	5	5	5	5	4	5	5	4	4
261	F	34	1	1	0	0	4	5	4	5	5	5	5	5	4	4	4	5	5	5	5	5	4	5	4	4	5	4	5	4	5	4	4	5	4	4	4	5	5	5	4	4	4	4	5	4	5	4	5	5	5	4	4	4	4	4
262	F	10	0	0	0	0	5	4	4	5	5	5	2	4	4	5	4	4	4	5	4	4	4	4	5	5	4	3	5	4	4	5	4	4	4	5	5	5	5	4	5	5	4	5	5	3	3	5	4	4	4	4	4	4	4	4
263	F	10	0	0	0	0	5	4	5	5	5	4	5	5	4	5	5	4	4	5	4	5	5	5	5	4	4	5	5	5	5	5	4	5	4	4	4	4	4	4	5	4	5	4	4	4	5	4	5	5	4	4	4	4	5	4
271	M	42	1	0	0	1	4	5	4	4	4	5	5	5	4	4	4	4	4	4	4	4	4	5	5	5	4	5	5	5	5	5	5	4	4	5	4	5	5	5	4	4	5	4	5	5	4	5	4	4	5	5	4	5	2	4
272	F	38	0	0	0	0	4	5	5	5	5	5	5	4	4	4	4	4	5	4	5	4	5	4	4	4	4	4	5	4	4	5	4	4	5	4	5	4	4	5	5	4	4	5	5	5	5	4	4	5	4	4	5	5	5	5
273	M	8	1	1	0	0	4	5	4	4	5	5	3	4	5	3	5	5	4	5	5	5	5	5	5	4	4	5	5	5	2	5	4	4	4	4	5	4	5	5	5	4	4	4	4	4	5	4	5	4	5	4	5	5	4	4
274	M	54	1	1	0	0	4	4	5	4	5	4	4	5	5	5	5	4	5	4	5	4	5	4	5	4	5	5	5	4	5	4	4	4	4	5	5	5	5	5	5	4	4	4	4	4	5	5	4	5	4	4	4	4	5	5
275	F	52	0	0	0	0	5	4	4	5	5	4	4	5	5	5	4	5	4	4	4	5	5	4	5	5	4	5	4	5	4	5	4	4	4	4	5	4	4	4	5	5	5	5	5	4	4	5	5	5	5	4	4	4	5	4
276	M	15	0	0	0	0	4	5	4	4	5	4	5	5	4	4	5	4	5	4	4	5	5	5	5	4	5	2	5	4	5	4	4	4	4	5	5	5	5	2	4	5	5	2	4	4	5	2	3	2	1	5	5	4	5	4
277	M	48	0	0	0	0	4	4	5	3	5	5	4	5	5	5	5	5	4	4	4	4	5	5	4	5	5	5	5	4	5	5	4	5	4	5	4	4	5	5	5	5	5	5	5	4	5	5	5	5	5	5	5	5	4	4
278	F	47	1	1	0	0	4	4	5	5	4	4	4	4	5	5	5	4	5	4	5	4	5	4	5	5	4	5	5	5	5	5	5	4	4	4	4	4	5	4	5	5	4	5	5	4	4	5	4	4	5	5	5	5	4	5
279	F	21	0	0	0	0	4	4	4	4	5	4	4	4	5	4	4	5	5	4	4	5	4	4	5	5	4	4	4	5	4	4	4	4	4	4	4	4	5	5	4	4	5	5	4	4	5	4	5	5	4	5	4	4	5	5
280	F	7	1	1	0	0	4	4	5	5	5	4	4	5	5	2	4	5	4	5	5	3	3	3	3	5	4	4	4	4	4	4	2	5	4	3	5	4	5	2	4	5	5	5	4	5	3	4	3	2	5	5	4	5	4	5
281	M	49	1	0	0	1	5	5	4	4	5	5	4	5	5	5	5	4	4	5	4	5	4	4	5	5	5	5	4	4	4	5	5	4	4	5	4	4	4	5	5	5	4	4	5	5	5	4	5	4	4	4	4	5	4	5
282	F	34	1	1	0	0	4	4	4	5	5	5	4	5	4	5	5	4	5	4	4	5	4	4	4	4	5	1	5	5	5	4	5	5	4	5	4	5	5	5	2	4	4	4	5	4	4	5	5	5	5	5	4	5	5	4
283	M	7	0	0	0	0	5	4	5	5	5	4	5	5	4	4	4	4	4	5	5	4	5	5	5	2	3	5	2	5	5	4	5	4	5	4	5	5	4	4	5	5	2	4	4	5	5	4	5	5	5	5	5	5	2	4
287	M	45	1	0	0	1	4	5	4	5	4	5	5	5	4	4	4	5	4	5	4	5	5	5	5	4	5	5	4	5	5	5	5	4	4	4	5	4	4	5	4	4	4	4	5	4	5	5	5	4	5	4	4	4	4	5
288	F	29	0	0	0	0	2	5	4	5	5	5	4	4	4	4	5	4	4	4	5	4	5	5	5	5	5	4	4	4	5	5	5	4	4	4	5	5	5	5	5	4	4	5	4	5	5	4	5	5	4	5	5	4	5	4
289	M	9	1	0	1	0	4	4	4	5	5	4	5	4	2	5	4	4	2	3	5	3	4	5	4	4	5	4	5	4	4	4	4	4	5	2	3	3	4	5	5	5	5	4	5	4	4	4	5	4	4	4	4	4	4	4
290	M	37	0	0	0	0	4	4	4	5	5	4	5	4	4	4	4	4	2	5	4	4	4	4	4	5	4	5	5	4	4	5	5	5	5	4	4	4	5	5	4	4	4	5	5	5	4	5	5	4	4	4	5	5	5	4
291	F	37	1	0	0	1	5	4	5	5	4	5	5	5	4	3	4	5	5	4	4	4	5	4	5	4	4	5	5	4	5	4	4	4	4	4	4	4	4	5	4	4	5	4	5	2	5	4	5	4	4	5	4	5	5	4
292	F	15	0	0	0	0	4	4	5	4	4	4	4	5	5	4	5	5	5	4	5	5	5	4	4	4	4	5	4	5	5	4	5	4	4	4	5	5	4	4	5	5	4	4	4	4	5	5	5	4	5	4	4	4	4	4
293	M	12	0	0	0	0	5	4	4	5	5	4	4	5	4	5	4	4	5	5	4	4	4	4	5	4	4	5	4	4	5	5	5	4	4	5	4	4	5	5	4	5	4	4	5	4	4	4	5	5	4	4	4	4	4	5
294	M	31	1	0	0	1	4	5	5	4	5	4	5	5	5	5	5	4	5	4	4	4	5	4	5	4	4	4	4	5	4	4	5	4	4	5	5	4	5	4	4	5	4	4	4	4	5	4	4	4	4	4	5	5	4	5
295	F	27	1	1	0	0	4	4	4	4	4	5	4	4	5	4	4	4	5	5	5	4	5	5	4	4	5	5	5	4	4	4	4	5	5	4	4	4	5	5	5	4	5	4	5	5	4	5	5	5	4	5	4	5	5	5
296	F	7	0	0	0	0	4	4	4	4	5	5	3	4	5	4	4	4	5	4	5	4	5	4	5	5	5	3	4	5	3	4	5	5	5	2	4	5	4	5	5	4	3	1	4	4	4	4	4	5	4	4	5	4	4	5
297	M	38	0	0	0	1	4	5	4	4	5	5	4	5	4	5	4	5	5	4	4	5	5	5	5	5	5	4	4	4	5	4	5	4	5	4	5	5	4	4	5	4	4	5	4	5	5	5	4	4	4	5	4	4	4	5
298	F	36	1	0	1	0	4	4	5	4	4	5	5	5	4	5	5	4	5	5	4	5	5	5	4	4	4	5	4	5	4	5	5	5	5	4	5	4	5	4	5	4	4	4	4	5	5	5	4	4	5	5	4	4	4	5
299	F	6	0	0	0	0	5	5	5	4	5	4	4	4	5	5	4	5	5	5	4	5	5	4	4	5	5	5	4	4	4	4	5	4	5	5	4	4	4	4	4	4	5	4	5	5	5	4	1	2	1	3	4	1	4	5
300	M	42	1	0	0	1	5	5	5	5	4	4	4	5	5	5	4	4	5	4	4	4	4	4	5	5	5	4	5	5	4	4	5	4	5	4	5	4	4	5	5	5	4	4	5	4	4	5	5	4	4	4	5	4	5	5
301	F	34	1	0	0	1	5	4	4	4	4	4	5	4	5	4	5	5	5	4	5	4	4	5	5	4	5	5	5	5	4	4	4	4	4	4	5	5	5	4	4	5	5	4	5	5	4	4	5	5	4	4	4	5	5	5
302	M	7	1	0	1	0	5	4	4	5	4	4	5	5	4	5	4	5	4	4	4	5	5	4	5	4	1	4	5	4	4	1	5	5	5	5	2	5	4	5	4	3	5	4	4	5	4	4	4	4	4	4	4	4	5	5
303	M	32	0	0	0	0	5	2	5	4	4	4	4	5	4	5	5	4	5	5	4	5	4	4	5	5	4	5	4	5	4	4	4	4	5	4	5	5	4	4	5	4	4	4	4	5	5	4	5	5	4	5	5	5	5	4
304	F	34	1	1	0	0	5	4	4	4	5	4	4	5	4	4	5	4	4	5	5	4	5	3	5	4	4	4	4	5	4	4	5	4	4	5	4	5	5	5	4	4	5	4	5	5	4	4	4	3	5	5	4	5	5	5
305	M	6	1	0	0	0	4	5	5	4	5	5	3	4	5	4	4	4	4	5	4	4	4	5	4	5	5	4	4	4	5	4	4	5	5	5	5	5	5	3	4	5	5	4	4	4	4	4	5	4	4	4	5	3	5	4
306	M	47	0	0	0	0	5	5	4	4	4	4	4	5	5	4	5	5	4	4	4	4	5	5	5	4	4	4	5	5	4	4	5	5	4	5	4	4	4	5	4	5	4	5	4	5	4	4	5	4	5	5	5	5	5	4
307	F	48	1	1	0	0	4	4	3	3	5	4	5	5	4	4	5	4	4	5	5	4	4	5	4	5	5	4	4	4	4	4	4	4	4	4	4	5	5	5	5	4	5	5	4	5	4	4	5	4	4	5	4	4	4	4
308	M	18	0	0	0	0	5	5	5	4	5	5	5	5	2	4	5	4	5	4	4	4	4	5	4	5	5	4	5	5	4	4	4	4	4	5	5	4	4	5	5	4	5	4	4	5	4	4	5	4	5	4	5	5	5	5
309	F	9	1	1	0	0	4	5	5	5	5	4	4	5	4	5	4	5	5	4	4	5	5	5	5	5	5	5	3	5	4	4	4	5	5	5	5	5	4	4	4	4	5	4	5	5	4	5	5	4	5	5	4	5	5	4
310	M	60	0	0	0	0	4	5	5	5	4	5	4	4	4	5	5	5	4	5	4	4	5	4	4	4	5	4	4	4	5	4	5	5	5	5	4	4	4	4	5	5	4	4	5	5	5	4	5	5	4	4	4	4	4	4
311	F	47	1	0	0	0	5	3	4	4	4	4	4	5	4	4	4	5	4	5	4	4	4	4	5	5	4	5	5	4	4	5	5	4	5	4	4	5	5	4	4	5	5	5	4	5	4	5	5	5	5	5	5	5	5	5
313	M	10	0	0	0	0	4	5	4	5	5	4	5	5	4	5	4	5	4	5	4	5	5	5	4	4	5	4	4	5	5	4	5	4	5	4	3	4	5	3	4	5	3	5	5	4	4	4	4	5	5	4	5	1	2	4
314	M	48	1	0	0	1	5	5	4	4	5	4	5	5	4	5	4	5	4	4	5	5	5	4	5	4	4	4	5	4	4	5	4	4	5	5	5	5	5	5	5	5	4	5	5	4	4	5	5	5	5	5	4	4	5	4
315	F	37	1	1	0	0	5	5	4	4	4	4	4	5	4	5	5	5	4	4	5	5	4	4	4	5	4	5	4	5	5	4	4	4	5	4	5	5	5	5	5	4	4	5	5	5	5	4	4	4	4	5	5	4	4	4
316	M	11	1	1	0	0	2	4	5	3	5	3	5	4	5	5	4	5	4	5	4	4	4	4	4	5	4	3	2	5	4	4	4	5	5	4	4	4	5	4	4	4	5	4	4	5	5	3	4	5	3	4	4	5	4	4
317	M	8	1	1	0	0	4	5	4	4	5	4	5	4	4	4	5	4	5	4	2	4	4	5	4	4	5	1	4	4	5	4	4	4	5	2	4	5	5	5	5	4	4	4	5	5	5	4	5	4	4	5	5	5	5	4
318	M	39	1	0	0	1	4	4	4	5	4	5	4	5	4	4	4	4	5	4	5	5	4	4	4	5	4	5	4	4	4	5	5	4	5	5	4	4	4	5	1	4	5	4	4	4	4	5	5	5	4	5	4	4	5	5
319	F	29	1	0	0	0	5	2	4	4	5	4	5	5	5	5	5	5	4	5	4	5	5	5	5	5	5	5	4	5	4	5	5	5	4	4	4	4	5	4	5	4	4	4	5	4	5	5	5	5	4	5	4	5	4	4
320	M	12	0	0	0	1	4	5	4	4	4	5	5	5	5	5	5	5	5	4	5	4	4	5	5	5	5	5	5	4	5	5	5	4	5	5	5	4	5	4	4	4	5	5	2	4	4	5	4	5	5	4	4	5	5	5
321	M	40	1	0	0	1	5	4	4	4	5	5	4	4	4	5	4	5	5	5	5	5	5	5	4	5	4	4	4	5	5	4	5	5	4	5	4	4	5	5	5	5	5	4	5	5	5	5	5	4	5	5	4	4	4	5
322	F	45	1	0	0	0	5	5	5	2	5	4	4	4	5	5	4	4	5	5	4	5	4	4	4	4	4	4	4	5	4	5	5	4	4	5	4	4	5	5	5	5	4	5	4	4	5	5	5	2	4	5	5	5	3	4
323	M	7	1	0	0	0	4	5	4	4	4	4	5	4	4	5	5	5	4	4	5	4	5	5	4	4	5	5	5	5	4	5	4	4	5	4	5	5	5	4	5	4	5	4	4	4	4	4	5	4	4	5	4	4	5	5
324	M	6	1	0	0	0	3	5	2	1	4	4	5	5	5	5	5	5	1	3	2	5	4	4	5	1	4	1	1	4	4	5	1	5	4	5	4	5	5	4	5	1	5	5	3	5	4	4	4	5	5	4	4	4	4	4
325	M	33	1	0	0	1	5	4	4	5	5	5	5	4	4	4	5	4	4	5	5	5	5	5	4	5	4	4	4	4	4	4	5	4	5	5	5	4	4	5	5	5	5	4	5	5	4	4	5	5	4	5	5	5	4	5
326	F	38	0	0	0	0	1	4	5	5	5	5	4	5	4	5	2	5	5	5	4	4	4	4	4	4	4	4	5	5	4	4	4	5	5	4	5	5	4	5	4	5	4	4	4	4	4	4	4	5	5	5	4	5	5	4
327	M	8	1	0	0	1	3	5	4	2	4	1	4	5	4	4	5	5	3	5	5	3	5	2	2	3	5	5	3	3	5	3	4	4	5	4	5	4	4	5	4	4	4	5	5	4	5	4	5	2	1	4	1	4	4	4
328	M	45	0	0	0	0	5	5	3	5	5	5	5	5	5	3	5	4	4	5	5	5	5	5	4	5	5	4	5	5	4	4	5	5	5	4	5	4	5	5	4	4	5	4	4	5	5	5	4	4	4	5	4	5	5	4
329	F	44	1	1	0	0	4	4	5	5	5	5	3	5	4	5	2	5	3	5	4	4	5	5	5	5	4	4	5	4	4	2	5	5	5	4	5	5	5	5	5	2	5	4	5	4	5	5	4	4	4	5	5	5	4	4
330	F	19	0	0	0	0	5	4	4	4	5	5	4	4	4	5	4	5	4	4	4	5	5	5	5	4	5	5	4	5	4	5	5	4	4	4	4	4	5	5	4	5	5	4	5	4	4	5	5	4	5	4	4	4	5	4
331	F	14	0	0	0	0	5	5	5	5	4	5	4	5	5	5	5	4	4	5	5	4	4	4	5	5	4	5	4	5	5	4	4	5	4	4	5	4	5	5	4	5	5	5	5	5	4	5	4	5	5	4	5	4	5	4
332	M	33	0	0	0	0	5	4	5	4	5	4	4	5	5	5	5	4	4	5	5	4	5	5	4	4	4	4	4	4	5	4	5	4	4	4	5	4	5	5	4	4	4	5	4	4	4	5	5	5	5	4	5	4	5	5
333	F	32	1	0	0	1	5	5	5	4	5	5	4	4	5	4	5	4	5	5	4	5	5	5	2	4	4	5	5	5	5	4	4	4	4	5	5	5	4	5	5	5	5	5	4	5	4	4	4	5	5	5	4	5	4	4
334	F	13	0	0	0	0	5	4	4	5	5	2	4	5	5	3	3	5	2	5	5	5	5	4	4	4	4	4	4	4	5	3	4	4	4	5	5	5	5	5	5	4	4	4	4	5	5	5	5	5	5	5	5	2	5	5
335	M	11	1	0	1	0	3	3	4	5	4	5	3	4	4	4	5	4	5	4	4	4	5	4	5	5	5	4	4	4	4	4	5	4	5	4	4	5	5	4	4	4	4	5	5	4	4	4	4	5	4	5	5	4	5	3
336	F	9	1	1	0	0	3	3	4	5	4	4	5	5	4	5	3	4	2	4	5	5	2	5	5	3	4	4	3	5	5	3	4	4	5	3	2	5	5	5	5	2	3	5	2	2	3	5	3	4	4	4	5	4	5	4
337	M	8	0	0	0	0	2	5	4	4	5	3	5	5	4	5	3	4	4	5	5	5	4	4	4	5	5	5	5	4	4	5	3	4	5	5	3	4	5	3	4	4	4	4	4	5	4	4	4	5	2	5	4	4	4	5
338	M	29	1	0	0	1	5	4	4	5	4	4	5	4	4	5	4	4	4	5	5	5	4	4	5	5	4	5	4	5	5	4	4	5	4	5	4	5	4	4	4	4	5	5	5	5	4	4	5	4	5	4	4	5	5	4
339	F	29	1	1	0	0	5	4	4	5	4	5	5	4	4	4	5	5	5	4	4	4	4	4	4	4	5	5	4	5	5	5	5	4	4	4	5	4	4	5	4	4	4	5	4	4	5	4	4	5	4	5	4	4	5	4
340	F	7	0	0	0	0	4	4	4	5	3	2	4	3	3	4	4	5	4	5	4	4	4	5	5	4	4	4	4	5	5	3	4	5	4	5	4	5	4	4	4	5	5	4	5	5	4	5	5	5	4	4	4	4	4	5
341	M	55	0	0	0	0	5	5	4	4	4	5	4	4	4	4	4	5	4	5	5	4	5	4	5	4	4	4	4	4	4	4	5	5	4	5	5	5	4	4	5	5	4	4	5	5	5	5	3	5	5	5	4	4	5	4
342	F	54	1	1	0	0	5	3	5	2	5	4	4	4	4	5	5	4	4	4	5	4	5	4	5	4	4	5	4	3	5	5	5	4	5	5	4	4	5	4	4	4	5	4	4	5	5	5	5	4	5	5	4	5	3	2
343	M	28	0	0	0	0	4	5	4	4	4	5	4	4	4	4	4	5	5	5	4	4	5	4	5	4	4	4	4	5	4	5	4	5	4	5	5	5	4	5	5	4	5	4	5	5	5	5	4	4	5	4	2	5	4	4
344	F	22	1	0	0	0	4	4	5	4	5	4	4	5	5	4	5	5	5	4	5	4	4	4	5	5	5	5	4	4	5	5	4	4	5	4	4	5	4	5	5	4	5	4	4	5	5	5	4	4	5	4	2	5	5	5
345	M	38	0	0	0	0	4	5	4	4	5	5	4	4	4	5	4	5	5	4	4	4	4	5	5	4	4	4	4	5	5	4	4	5	5	4	5	4	4	5	5	5	5	4	5	4	4	5	1	4	4	4	4	4	4	5
346	F	35	1	0	0	1	5	2	4	5	4	4	5	4	5	4	4	4	4	5	5	4	5	4	5	4	4	5	4	4	5	4	5	4	4	5	5	4	5	4	4	5	5	4	4	5	5	5	4	4	4	5	5	4	4	4
347	F	9	0	0	0	0	4	4	4	5	4	4	5	4	4	5	4	4	5	4	5	4	4	5	5	4	4	5	4	4	5	5	5	4	5	5	5	4	5	5	4	5	5	5	5	4	5	5	5	4	5	5	5	4	4	5
348	F	8	1	0	1	0	5	5	3	4	4	4	4	5	4	5	1	4	5	3	5	3	4	4	5	5	3	5	3	5	5	5	3	4	5	4	5	1	4	5	5	4	5	3	2	5	5	4	3	5	5	4	5	4	4	4
349	M	50	1	0	0	1	5	4	4	5	5	5	4	5	5	4	5	4	5	5	5	5	5	5	4	4	5	5	5	4	5	4	5	4	5	5	5	4	4	4	4	4	5	5	4	4	4	5	5	5	5	4	5	4	4	5
350	F	42	1	1	0	0	5	4	5	5	5	5	4	4	4	4	5	4	4	4	5	5	5	4	5	5	4	5	5	5	5	5	4	5	4	4	4	4	4	5	5	4	5	4	4	4	5	4	4	5	4	4	5	3	4	4
351	M	7	0	0	0	0	2	4	4	4	5	4	4	5	5	4	5	4	5	4	3	4	5	4	4	5	4	4	4	5	4	4	2	4	4	4	5	5	2	2	4	5	3	5	2	2	3	5	5	3	4	4	5	5	5	4
352	M	34	1	0	0	1	5	4	4	4	4	5	5	4	5	5	5	5	4	5	5	4	4	4	5	5	4	5	4	5	4	4	4	4	5	4	5	4	4	4	4	5	4	4	5	5	4	5	4	4	4	5	4	4	4	5
353	F	35	0	0	0	0	5	5	3	4	5	5	5	5	4	4	5	5	4	5	4	5	5	4	4	4	5	4	5	4	4	4	4	4	4	4	4	4	5	4	5	4	5	4	5	4	4	5	4	4	4	4	4	5	4	4
354	M	7	1	0	0	0	5	5	4	5	5	4	5	5	5	4	4	5	5	5	5	4	4	4	5	4	4	5	4	4	4	5	4	4	4	4	5	5	4	4	4	4	4	5	5	4	5	4	4	4	5	5	5	4	4	5
355	M	51	1	1	0	0	4	5	5	5	4	5	5	4	4	4	5	5	4	4	5	4	5	5	5	5	4	5	5	4	4	4	5	5	4	4	4	5	5	4	4	5	4	4	4	5	4	4	5	5	4	4	4	5	4	4
356	F	36	1	0	0	1	4	4	4	4	5	5	5	5	5	4	5	5	5	5	4	5	4	5	4	4	4	4	4	5	5	4	5	5	5	4	4	4	5	1	4	5	4	5	4	4	4	4	4	4	5	5	5	4	4	5
357	M	10	0	0	0	0	4	5	5	5	4	5	5	4	4	4	5	5	4	4	5	4	5	5	5	5	4	5	5	4	4	4	5	5	4	4	4	5	5	4	4	5	4	4	4	5	4	4	5	5	4	4	4	5	4	4
358	F	8	1	1	0	0	4	5	4	5	4	5	3	5	4	4	4	5	5	4	5	4	5	4	5	5	2	4	5	4	3	3	4	5	3	3	5	4	5	4	5	5	5	5	3	3	5	5	4	4	3	5	2	4	4	4
359	M	41	1	1	0	0	4	4	4	5	5	5	5	4	4	4	4	5	4	5	4	5	5	5	4	5	4	4	5	4	5	5	5	5	5	5	5	4	4	4	4	4	4	4	5	4	4	4	5	5	4	4	4	5	5	5
360	F	40	1	0	1	0	5	4	4	5	4	5	4	5	4	4	5	4	4	4	4	5	3	5	4	5	4	5	4	4	5	5	5	4	4	4	5	5	4	5	5	5	4	4	4	5	4	4	5	4	4	5	4	4	4	5
361	M	15	0	0	0	0	4	5	4	5	4	5	5	5	4	4	5	5	5	5	4	4	4	4	5	4	4	4	5	5	5	4	5	4	5	5	5	5	4	4	4	4	4	4	4	5	5	4	5	4	5	4	5	5	5	5
362	M	11	0	0	0	0	3	4	5	4	4	5	5	4	5	4	4	5	5	5	4	5	5	5	4	4	4	5	4	4	4	2	5	4	5	4	4	5	4	4	5	5	4	4	5	2	4	4	4	5	5	5	4	5	5	5
363	M	44	1	0	0	1	4	4	5	5	4	4	5	4	5	4	4	4	4	4	4	4	5	4	5	5	5	5	5	5	5	4	4	5	4	4	5	4	4	5	4	5	5	5	4	4	5	4	5	4	5	5	5	4	2	4
364	F	41	0	0	0	0	4	5	4	5	4	5	5	5	5	5	4	5	4	4	4	4	4	5	5	4	5	5	4	5	4	4	5	4	5	5	4	4	4	5	5	4	4	4	4	4	4	4	4	4	4	4	5	4	5	4
365	F	9	1	0	0	0	4	5	5	3	5	3	3	4	5	5	3	4	5	2	5	4	5	5	3	5	3	5	3	5	3	2	3	5	1	4	5	5	3	3	5	3	2	5	3	5	5	4	2	3	4	4	4	4	5	5
369	M	59	1	0	0	1	5	5	4	5	4	5	5	4	4	5	5	5	5	4	4	4	5	4	4	4	4	4	5	5	4	4	4	5	5	5	5	4	5	4	4	5	4	4	5	4	4	5	4	5	4	4	5	4	4	5
370	F	43	1	0	0	0	4	5	5	4	4	5	2	4	5	4	5	5	4	3	5	4	1	5	5	5	4	5	4	4	4	5	4	5	4	5	4	5	5	5	4	4	5	5	5	5	1	5	5	5	5	5	5	5	5	1
371	M	12	0	0	0	0	5	2	4	4	5	4	4	5	5	4	5	4	4	5	4	5	4	4	4	4	5	5	5	5	4	4	5	4	5	5	4	5	5	5	4	4	5	5	4	5	5	5	5	4	5	5	4	4	5	4
372	M	36	0	0	0	0	5	5	4	5	5	5	4	5	4	5	5	4	5	4	4	5	5	5	4	4	4	5	5	5	5	4	5	4	5	5	4	5	4	4	4	4	5	5	4	5	5	4	4	5	4	5	4	5	4	5
373	F	31	0	0	0	0	5	4	4	5	4	5	4	5	4	4	5	4	4	4	5	4	4	4	4	5	4	5	4	4	4	4	5	4	5	5	5	4	4	5	5	4	4	4	5	5	5	5	5	4	5	4	4	4	5	4
374	M	7	1	0	0	1	3	5	2	5	4	4	4	5	4	4	4	4	4	4	5	4	4	4	5	5	5	5	5	2	4	4	5	5	4	4	4	5	4	4	5	4	2	4	4	4	4	5	5	3	2	4	5	5	3	2
375	M	45	1	0	0	1	5	2	5	4	5	4	4	5	4	5	5	4	5	4	4	5	5	4	5	4	5	4	5	4	5	4	4	4	5	4	5	4	4	4	4	4	4	4	5	4	4	4	5	4	5	5	5	4	5	4
376	F	42	1	0	0	0	4	4	4	5	5	5	4	5	4	5	5	5	4	5	5	4	4	5	5	4	5	4	4	5	4	4	5	4	4	4	5	4	5	4	5	4	4	4	5	5	4	5	4	4	4	4	4	5	5	5
377	M	6	1	0	1	0	5	4	2	4	5	5	5	4	4	5	4	2	3	4	5	3	3	3	3	3	3	5	2	4	5	5	2	5	5	2	2	5	2	4	4	4	4	4	4	3	5	5	5	5	5	3	2	5	5	5
378	M	34	1	0	0	1	5	3	4	5	4	4	4	5	5	5	4	4	5	5	5	4	5	5	4	5	4	4	5	4	5	4	5	5	4	5	5	4	4	5	5	4	5	5	5	4	5	5	4	4	5	5	4	4	5	4
379	F	32	0	0	0	0	4	4	4	4	5	5	4	4	5	4	5	4	5	5	4	5	5	5	4	5	5	5	4	4	4	4	4	5	5	4	4	5	4	4	4	4	5	4	5	5	5	4	4	4	5	5	5	5	5	4
380	M	9	1	0	1	0	4	4	5	5	2	5	5	4	4	5	5	5	5	5	3	4	5	5	5	4	5	3	4	4	4	4	4	5	4	4	5	4	4	4	5	5	5	5	5	5	2	4	4	4	5	4	5	4	4	5
384	M	37	1	0	1	0	5	2	5	5	4	5	4	4	5	5	4	5	5	5	5	4	5	4	4	4	5	4	5	4	4	5	4	5	4	4	4	4	5	4	5	5	4	5	4	4	5	5	5	4	5	5	5	4	5	4
385	F	36	0	0	0	0	4	5	5	5	5	4	5	4	5	5	5	4	4	5	4	4	5	5	4	4	5	4	4	4	5	4	4	4	5	4	4	5	4	5	5	5	5	5	4	4	4	5	4	4	5	5	4	5	5	4
386	M	6	0	0	0	0	2	4	5	4	5	5	4	4	5	4	3	5	4	4	5	5	4	5	4	5	5	5	4	4	4	5	4	5	5	5	5	5	5	5	4	5	2	4	4	5	4	5	4	4	4	4	5	4	4	5
387	M	37	1	0	0	1	5	4	4	4	4	5	5	4	4	4	4	4	5	5	4	5	5	5	5	5	4	5	4	5	4	5	5	5	4	5	5	5	4	5	5	5	4	5	5	5	4	5	5	5	5	5	4	4	5	5
388	F	27	0	0	0	0	4	4	5	4	5	5	4	5	4	4	4	4	5	4	5	5	5	4	4	4	5	5	5	5	5	5	5	5	5	5	4	5	4	5	5	4	5	5	4	4	4	5	4	5	5	5	5	5	5	4
389	M	7	1	1	0	0	4	4	4	5	4	5	4	5	2	4	4	4	4	5	4	1	3	4	4	4	4	4	5	4	5	5	5	5	5	5	3	4	5	4	4	5	4	5	5	5	5	4	4	4	5	4	4	5	4	5
390	M	51	1	0	0	1	4	4	4	4	4	4	5	4	4	5	1	5	5	4	4	5	4	5	5	4	4	4	5	4	5	5	5	5	4	4	5	4	4	4	5	4	4	5	4	4	4	4	5	4	5	4	4	5	5	5
391	F	40	0	0	0	0	5	4	4	4	5	5	4	5	5	3	5	5	4	5	5	4	3	4	3	4	4	4	5	5	5	5	5	5	4	5	4	5	5	4	4	4	4	5	5	5	4	4	4	4	5	4	5	4	4	4
392	M	7	1	1	0	0	5	5	5	4	5	2	4	5	4	5	4	5	4	5	4	5	4	5	5	5	4	4	4	4	4	5	5	4	5	5	4	4	4	5	4	4	4	4	5	4	5	5	4	4	4	5	5	4	5	5
393	M	34	1	0	0	1	4	4	5	4	4	4	4	5	4	5	4	4	5	4	4	4	4	4	5	5	5	4	5	4	4	4	4	5	5	4	5	4	5	5	4	5	5	4	5	5	5	5	5	5	5	5	5	5	5	4
394	F	29	0	0	0	0	5	4	5	4	5	4	4	5	4	4	4	4	4	5	5	5	5	5	5	5	4	4	5	5	5	5	4	4	5	5	4	5	4	5	4	4	5	5	5	4	4	5	4	5	5	5	4	4	1	1
395	M	6	0	0	0	0	4	5	4	4	5	5	5	4	5	5	4	4	4	4	4	4	4	4	5	5	4	5	3	2	5	4	5	3	4	4	4	5	5	5	5	4	4	5	4	5	3	5	4	4	4	5	5	2	4	4
396	M	42	1	0	0	1	5	4	5	5	4	5	4	4	5	5	5	4	2	5	5	5	5	4	5	5	5	4	5	5	4	4	4	4	4	4	5	5	4	4	5	5	4	5	4	5	4	5	4	4	5	4	4	4	5	5
397	F	39	1	0	1	0	5	5	5	4	5	5	4	4	4	5	4	4	5	4	5	5	5	5	5	4	4	5	5	4	5	5	4	4	4	4	5	4	4	5	5	5	4	5	5	5	4	4	4	2	4	4	5	5	4	5
398	M	6	0	0	0	0	4	5	5	3	4	2	5	4	5	5	5	4	4	5	5	4	4	4	5	5	5	5	4	5	4	5	5	5	4	5	4	5	4	3	4	4	4	4	5	5	5	2	4	4	5	4	1	5	3	2
399	M	31	1	0	0	1	5	5	5	5	5	5	4	5	2	4	5	5	5	5	5	4	5	4	5	4	4	4	4	5	4	4	4	5	4	5	4	5	5	4	5	4	4	5	4	4	4	5	5	5	4	5	4	4	5	5
400	F	30	0	0	0	0	5	4	4	5	5	4	4	4	5	4	5	4	5	4	5	5	4	4	5	4	4	5	5	4	4	5	4	4	4	5	4	4	5	5	4	5	4	5	5	5	5	4	5	4	4	4	5	4	5	4
401	M	6	1	0	0	1	5	3	5	4	5	4	4	5	5	5	5	4	5	5	2	4	4	5	4	4	5	4	2	5	5	4	4	5	2	4	5	4	5	4	4	5	5	2	2	4	5	4	3	2	3	3	2	3	4	5
405	M	43	1	0	0	0	5	4	4	5	4	5	5	5	5	4	4	5	4	5	4	5	5	4	4	4	5	4	5	5	4	5	5	4	5	5	4	5	5	4	5	5	4	5	4	4	4	4	5	4	4	5	5	5	4	4
406	F	33	0	1	0	0	4	5	5	5	4	4	4	4	4	5	5	4	4	4	5	5	5	5	5	5	5	4	4	5	4	4	4	4	4	5	5	4	5	4	4	5	5	4	5	5	4	4	4	4	4	5	4	4	4	4
407	M	12	0	0	0	0	5	4	4	5	3	5	5	5	5	4	4	5	4	5	5	5	5	4	5	4	4	5	3	4	5	4	5	5	5	5	4	2	5	4	4	5	4	5	3	4	4	4	5	3	3	4	5	5	3	5
408	M	9	0	0	0	0	5	5	4	5	5	4	4	5	5	4	2	5	4	5	5	4	4	5	3	5	4	5	5	2	3	4	4	4	4	5	5	5	4	5	5	4	5	4	4	5	5	4	5	4	4	4	5	4	4	4
